	241.926502	25/1/2016-18:52:49HDIV3 + module
	213.485689
	61.871853
	241.942338
	219.910052
	61.874242
	241.946978
	221.522066
	61.874944
	241.962825
	228.000023
	61.877333
	241.967465
	229.612040
	61.878035
	241.983313
	236.089995
	61.880425
	241.987937
	237.702019
	61.881126
	242.003792
	244.179970
	61.883516
	242.008426
	245.791989
	61.884218
	242.024271
	252.269949
	61.886608
	242.028911
	253.881968
	61.887309
	242.044748
	260.359920
	61.889699
	242.049406
	261.971945
	61.890400
	242.065229
	268.449896
	61.892791
	242.069896
	270.061919
	61.893492
	242.085715
	276.539873
	61.895882
	259.303869
	213.572885
	61.856821
	259.319706
	219.972469
	61.860472
	259.324360
	221.630854
	61.861544
	259.340190
	228.062441
	61.865196
	259.344849
	229.720821
	61.866267
	259.391643
	236.183618
	61.869918
	259.392523
	237.810792
	61.870990
	259.412124
	244.273591
	61.874641
	259.413001
	245.900761
	61.875713
	259.432615
	252.363560
	61.879365
	259.433457
	253.990734
	61.880437
	259.453122
	260.453538
	61.884088
	259.453948
	262.080710
	61.885160
	259.473592
	268.543514
	61.888811
	259.474434
	270.170685
	61.889883
	259.494073
	276.633486
	61.893535
	249.644809
	250.659577
	61.911099
	251.658959
	250.678020
	61.934300
	249.723644
	252.211004
	61.914703
	251.684808
	252.265205
	61.911919
	248.704796
	241.193401
	61.900217
	252.854411
	241.242402
	61.906097
	253.703604
	241.983802
	61.917501
	253.691994
	247.580463
	61.919100
	252.812024
	248.418996
	61.899899
	248.644018
	248.426992
	61.927303
	247.798797
	247.628001
	61.911100
	247.773584
	241.965302
	61.871900
	249.300793
	242.526800
	61.777299
	252.185412
	242.531594
	61.763297
	252.180447
	246.954992
	61.790300
	249.315971
	246.931003
	61.787101
	243.669800
	212.610990
	61.871852
	240.455025
	213.356432
	62.504077
	240.455664
	219.764730
	62.531968
	240.455837
	221.446298
	62.517600
	240.456485
	227.854603
	62.533491
	240.456649
	229.536164
	62.516641
	240.457301
	235.944470
	62.536221
	240.457465
	237.626032
	62.508563
	240.458128
	244.085541
	62.536944
	240.458287
	245.715903
	62.542885
	240.458946
	252.175413
	62.547266
	240.459092
	253.805775
	62.540204
	240.459754
	260.265286
	62.529591
	240.459920
	261.895649
	62.550529
	240.460564
	268.355157
	62.545514
	240.460751
	269.985519
	62.553653
	240.461388
	276.445029
	62.539836
	261.022434
	213.516031
	62.511385
	261.023055
	219.926039
	62.525823
	261.023258
	221.606033
	62.514533
	261.023867
	228.016038
	62.528974
	261.024072
	229.696033
	62.517681
	261.024665
	236.106037
	62.532120
	261.024877
	237.786037
	62.520831
	261.034890
	244.225636
	62.535269
	261.025692
	245.876039
	62.523980
	261.035708
	252.315638
	62.538419
	261.026504
	253.966042
	62.527131
	261.036534
	260.434246
	62.541565
	261.027302
	262.056045
	62.530280
	261.037367
	268.524245
	62.544718
	261.028113
	270.146049
	62.533426
	261.038178
	276.614249
	62.547865
	242.874138
	212.817378
	62.143283
	272.008179
	213.417587
	61.892124
	272.011749
	219.837204
	61.896439
	272.012787
	221.507584
	61.897705
	272.016357
	227.927200
	61.902020
	272.017365
	229.597595
	61.903286
	272.020966
	236.017197
	61.907600
	272.021973
	237.687592
	61.908867
	272.025543
	244.107193
	61.913181
	272.026550
	245.777588
	61.914448
	272.030151
	252.197189
	61.918762
	272.031128
	253.867584
	61.920029
	272.034729
	260.287201
	61.924343
	272.035706
	261.957581
	61.925610
	272.039307
	268.377197
	61.929924
	272.040283
	270.047577
	61.931190
	272.043915
	276.467194
	61.935505
	289.442413
	213.484009
	61.851288
	289.445953
	219.981949
	61.860645
	289.447021
	221.573990
	61.863388
	289.450562
	228.071930
	61.872749
	289.451599
	229.663986
	61.875488
	289.455170
	236.161911
	61.884853
	289.456207
	237.753983
	61.887589
	289.459778
	244.251907
	61.896957
	289.460785
	245.843979
	61.899689
	289.464355
	252.390442
	61.909061
	289.465363
	253.933960
	61.911793
	289.468933
	260.480438
	61.921165
	289.469940
	262.023956
	61.923897
	289.473511
	268.570435
	61.933266
	289.474518
	270.113953
	61.936001
	289.478119
	276.660431
	61.945370
	279.720001
	250.686920
	61.910999
	281.657471
	250.691574
	61.894398
	279.734009
	252.242203
	61.949600
	281.666992
	252.227280
	61.899998
	278.716370
	241.201401
	61.881802
	282.908417
	241.206406
	61.871090
	283.730011
	241.943192
	61.899101
	283.756012
	247.624802
	61.882698
	282.812012
	248.419006
	61.859901
	278.675629
	248.480850
	61.892868
	277.829987
	247.649979
	61.934299
	277.808990
	241.961487
	61.913498
	279.348480
	242.573547
	61.758301
	282.221802
	242.597961
	61.747902
	282.239624
	247.031845
	61.771687
	279.360016
	247.053375
	61.784069
	273.736694
	212.537292
	61.892124
	270.474030
	213.359116
	62.471394
	270.472443
	219.777924
	62.477634
	270.471954
	221.449112
	62.499268
	270.470398
	227.867920
	62.524906
	270.469879
	229.539108
	62.514942
	270.468323
	235.957916
	62.538578
	270.467804
	237.629105
	62.523014
	270.466278
	244.072113
	62.546646
	270.465759
	245.719086
	62.531086
	270.464233
	252.162109
	62.554718
	270.463684
	253.809082
	62.539162
	270.462189
	260.289703
	62.562790
	270.461609
	261.899078
	62.547234
	270.460114
	268.384491
	62.517864
	270.459564
	269.989075
	62.555305
	270.458038
	276.474487
	62.525936
	291.031219
	213.539719
	62.516232
	291.029602
	219.947327
	62.518898
	291.029205
	221.629715
	62.519680
	291.027557
	228.037323
	62.522346
	291.027130
	229.719711
	62.523129
	291.025482
	236.127335
	62.525795
	291.025055
	237.809708
	62.526581
	291.023407
	244.217346
	62.529243
	291.023010
	245.899704
	62.530029
	291.021332
	252.360870
	62.532696
	291.020935
	253.989700
	62.533482
	291.019257
	260.450867
	62.536140
	291.018829
	262.079712
	62.536930
	291.017181
	268.540863
	62.539593
	291.016754
	270.169708
	62.540379
	291.015137
	276.630859
	62.543041
	272.882904
	212.834259
	62.119930
	242.085420	25/1/2016-17:33:35HDIV3 + module
	213.390967
	61.891155
	242.072698
	219.820960
	61.892465
	242.068967
	221.480945
	61.892849
	242.056235
	227.910947
	61.894158
	242.052519
	229.570933
	61.894542
	242.039785
	236.000931
	61.895852
	242.036062
	237.660914
	61.896236
	242.023317
	244.090912
	61.897546
	242.019594
	245.750902
	61.897930
	242.006847
	252.180898
	61.899240
	242.003147
	253.840877
	61.899624
	241.990388
	260.270882
	61.900933
	241.986682
	261.930867
	61.901317
	241.973942
	268.360868
	61.902627
	241.970209
	270.020852
	61.903011
	241.957467
	276.450858
	61.904321
	259.507012
	213.566964
	61.883096
	259.494278
	220.031151
	61.884388
	259.490568
	221.656946
	61.884768
	259.477842
	228.121132
	61.886060
	259.474137
	229.746926
	61.886440
	259.461359
	236.211118
	61.887732
	259.457691
	237.836915
	61.888112
	259.444911
	244.301100
	61.889403
	259.441272
	245.926891
	61.889783
	259.428445
	252.391083
	61.891075
	259.424785
	254.016879
	61.891455
	259.411956
	260.481068
	61.892747
	259.408368
	262.106854
	61.893126
	259.395460
	268.571053
	61.894419
	259.391916
	270.196837
	61.894798
	259.378999
	276.661034
	61.896090
	249.572378
	250.706768
	61.923899
	251.641191
	250.696483
	61.911098
	249.681932
	252.248404
	61.946099
	251.633596
	252.278408
	61.916320
	248.726811
	241.163802
	61.914397
	252.911402
	241.221398
	61.923900
	253.768598
	241.942032
	61.939100
	253.744397
	247.588002
	61.881499
	252.863989
	248.462998
	61.923699
	248.669827
	248.494201
	61.915100
	247.783609
	247.628000
	61.923109
	247.787415
	241.913613
	61.942130
	249.344004
	242.532396
	61.770299
	252.199597
	242.552531
	61.796707
	252.210813
	246.988599
	61.765499
	249.315996
	246.982203
	61.775496
	243.800526
	212.545870
	61.891155
	240.473797
	213.370011
	62.515057
	240.474089
	219.767134
	62.490639
	240.474180
	221.459920
	62.476232
	240.474453
	227.857043
	62.521421
	240.474551
	229.549825
	62.525407
	240.474825
	235.946954
	62.518595
	240.474935
	237.639735
	62.516184
	240.475208
	244.074477
	62.540170
	240.475323
	245.774277
	62.521155
	240.475589
	252.164381
	62.526943
	240.475706
	253.864185
	62.530930
	240.475976
	260.254286
	62.520117
	240.476068
	261.954093
	62.539309
	240.476351
	268.344198
	62.539710
	240.476449
	270.044002
	62.533083
	240.476735
	276.468502
	62.522486
	261.052202
	213.532410
	62.521026
	261.052495
	219.935204
	62.524648
	261.052587
	221.622405
	62.525711
	261.052868
	228.025210
	62.529335
	261.052964
	229.725190
	62.530395
	261.053244
	236.115209
	62.534021
	261.053356
	237.826389
	62.535080
	261.053630
	244.205205
	62.538707
	261.053750
	245.925990
	62.539766
	261.054010
	252.326376
	62.543393
	261.054140
	254.032097
	62.544450
	261.054395
	260.432370
	62.548079
	261.054528
	262.130093
	62.549132
	261.054775
	268.531976
	62.552764
	261.054910
	270.231299
	62.553820
	261.055172
	276.637775
	62.554050
	242.887906
	212.829365
	62.147057
	242.311593	22/1/2016-16:27:46HDIV3 + module
	213.452307
	62.012403
	242.285536
	219.823057
	62.013009
	242.277878
	221.542235
	62.013187
	242.251830
	227.912984
	62.001794
	242.244148
	229.536165
	62.013971
	242.218122
	236.022111
	62.002577
	242.210439
	237.626092
	62.014755
	242.184408
	244.112041
	62.003361
	242.176715
	245.716022
	62.015540
	242.150691
	252.201969
	62.004145
	242.142995
	253.805951
	62.016323
	242.116973
	260.291898
	62.004930
	242.109287
	261.895880
	62.017107
	242.083257
	268.381829
	62.005714
	242.075568
	269.985815
	62.017892
	242.049538
	276.471755
	62.006497
	259.665001
	213.641113
	62.065707
	259.638974
	220.071939
	62.064667
	259.631249
	221.731046
	62.064361
	259.605282
	228.161870
	62.063322
	259.597532
	229.820976
	62.063015
	259.625767
	236.352992
	62.061976
	259.584428
	237.910907
	62.061670
	259.592042
	244.442919
	62.060631
	259.550720
	246.000841
	62.060325
	259.558328
	252.532846
	62.059285
	259.517013
	254.090765
	62.058979
	259.524631
	260.622775
	62.057940
	259.483288
	262.180690
	62.057634
	259.490901
	268.712706
	62.056594
	259.449597
	270.270612
	62.056288
	259.457176
	276.802630
	62.055249
	249.693203
	250.702901
	62.022301
	251.739615
	250.705204
	61.991900
	249.745988
	252.261406
	62.025300
	251.780012
	252.308772
	62.003921
	248.802000
	241.194203
	62.006596
	253.076820
	241.275598
	62.007900
	253.897200
	242.012419
	62.000295
	253.903766
	247.659997
	61.995099
	252.876777
	248.441199
	61.999896
	248.822781
	248.521401
	61.999900
	247.909837
	247.646365
	61.974903
	247.923981
	242.027996
	62.019296
	249.522393
	242.551598
	61.823900
	252.373814
	242.558602
	61.827900
	252.409969
	246.971803
	61.847100
	249.513605
	246.977401
	61.863100
	244.039293
	212.564009
	62.012403
	240.634288
	213.392531
	62.666116
	240.629378
	219.787534
	62.657245
	240.627940
	221.482519
	62.654640
	240.623032
	227.877519
	62.645770
	240.621586
	229.572506
	62.643164
	240.616688
	235.979511
	62.668494
	240.615263
	237.662492
	62.631691
	240.610340
	244.087707
	62.676099
	240.608908
	245.752489
	62.620213
	240.603986
	252.177693
	62.664624
	240.602563
	253.884457
	62.667139
	240.597634
	260.283688
	62.653148
	240.596219
	261.974449
	62.655663
	240.591297
	268.373674
	62.641673
	240.589872
	270.064439
	62.644188
	240.584933
	276.494064
	62.630198
	261.204692
	213.563729
	62.641599
	261.199782
	219.970325
	62.644194
	261.198354
	221.653724
	62.644956
	261.193442
	228.060325
	62.647550
	261.192028
	229.743717
	62.648312
	261.187119
	236.150317
	62.650907
	261.185676
	237.833720
	62.651669
	261.180755
	244.264317
	62.654264
	261.179329
	245.923720
	62.655026
	261.174421
	252.354320
	62.657620
	261.172990
	254.060120
	62.658382
	261.168081
	260.466411
	62.660977
	261.166646
	262.150113
	62.661739
	261.161733
	268.556407
	62.664334
	261.160287
	270.270007
	62.665096
	261.155384
	276.657348
	62.667690
	243.025397
	212.857487
	62.325958
	242.117904	12/1/2016-16:1:4HDIV3 + module
	213.395928
	61.864939
	242.103948
	219.864444
	61.868063
	242.099829
	221.485908
	61.868980
	242.085873
	227.954427
	61.872104
	242.081786
	229.575891
	61.873022
	242.067824
	236.044402
	61.876145
	242.063739
	237.665876
	61.877063
	242.049768
	244.134381
	61.880187
	242.045694
	245.755850
	61.881105
	242.031720
	252.224356
	61.884228
	242.027658
	253.845825
	61.885146
	242.013667
	260.314328
	61.888269
	242.009591
	261.935803
	61.889187
	241.995597
	268.404312
	61.892311
	241.991545
	270.025786
	61.893228
	241.977557
	276.494290
	61.896352
	259.518949
	213.622322
	61.853327
	259.504994
	220.100311
	61.857899
	259.500893
	221.712298
	61.859241
	259.486925
	228.190292
	61.863811
	259.482847
	229.802274
	61.865153
	259.468866
	236.280267
	61.869724
	259.464836
	237.892255
	61.871066
	259.450800
	244.370251
	61.875638
	259.446777
	245.982231
	61.876979
	259.432730
	252.460225
	61.881551
	259.428713
	254.072210
	61.882893
	259.414659
	260.550207
	61.887464
	259.410642
	262.162189
	61.888806
	259.396600
	268.640186
	61.893377
	259.392580
	270.252162
	61.894718
	259.378549
	276.730164
	61.899290
	249.687105
	250.659111
	61.902301
	251.680960
	250.703605
	61.901699
	249.703798
	252.273402
	61.931100
	251.659986
	252.283826
	61.925519
	248.742194
	241.166204
	61.912997
	252.901507
	241.242442
	61.887897
	253.765169
	242.005214
	61.910300
	253.779197
	247.597584
	61.883699
	252.812021
	248.474609
	61.907099
	248.721009
	248.492901
	61.904496
	247.760206
	247.627991
	61.874904
	247.781198
	241.972994
	61.861500
	249.303968
	242.555601
	61.738298
	252.169994
	242.590002
	61.761498
	252.130828
	246.980598
	61.775101
	249.279212
	246.993000
	61.763100
	243.821244
	212.545221
	61.864940
	240.528677
	213.356140
	62.495801
	240.511859
	219.758122
	62.528021
	240.506905
	221.446106
	62.500738
	240.490065
	227.848097
	62.532957
	240.485147
	229.536078
	62.505674
	240.468291
	235.938071
	62.537893
	240.463370
	237.626047
	62.510611
	240.446532
	244.028035
	62.542829
	240.441570
	245.716019
	62.515548
	240.424748
	252.181203
	62.547764
	240.419804
	253.853185
	62.520485
	240.403005
	260.271173
	62.552701
	240.398025
	261.943152
	62.525421
	240.381248
	268.361148
	62.557637
	240.376270
	270.033119
	62.530356
	240.359494
	276.451121
	62.562572
	261.118506
	213.576749
	62.535184
	261.101654
	219.975526
	62.537162
	261.096706
	221.666728
	62.537740
	261.079908
	228.065493
	62.539721
	261.074940
	229.756691
	62.540297
	261.058130
	236.155467
	62.542278
	261.053152
	237.846661
	62.542854
	261.036356
	244.245438
	62.544836
	261.031379
	245.971029
	62.545411
	261.014598
	252.366610
	62.547393
	261.009590
	254.071349
	62.547970
	260.992825
	260.456584
	62.549953
	260.987795
	262.161324
	62.550530
	260.971047
	268.546558
	62.552510
	260.966025
	270.251298
	62.553088
	260.949260
	276.681328
	62.555068
	242.871798
	212.838685
	62.187801
	242.112127	7/1/2016-12:46:54HDIV3 + module
	213.438496
	61.858331
	242.091523
	219.810667
	61.858456
	242.085461
	221.528448
	61.858492
	242.064862
	227.900628
	61.858618
	242.058790
	229.618402
	61.858655
	242.038205
	235.990581
	61.858781
	242.032133
	237.708358
	61.858816
	242.011537
	244.080543
	61.858942
	242.005490
	245.798314
	61.858979
	241.984873
	252.170498
	61.859104
	241.978816
	253.888272
	61.859140
	241.958214
	260.260451
	61.859266
	241.952159
	261.937432
	61.859302
	241.931571
	268.350408
	61.859429
	241.925503
	270.027386
	61.859464
	241.904910
	276.440366
	61.859590
	259.517504
	213.626455
	61.865332
	259.537886
	220.058018
	61.865296
	259.490906
	221.716409
	61.865285
	259.511243
	228.147969
	61.865249
	259.464241
	229.806366
	61.865238
	259.484589
	236.237926
	61.865201
	259.437587
	237.896323
	61.865191
	259.457912
	244.327880
	61.865154
	259.410899
	245.986276
	61.865144
	259.431236
	252.417836
	61.865108
	259.384258
	254.076235
	61.865097
	259.404564
	260.507798
	61.865062
	259.357556
	262.166195
	61.865049
	259.377910
	268.597751
	61.865015
	259.330874
	270.256156
	61.865001
	259.351257
	276.687702
	61.864968
	249.578972
	250.650898
	61.877499
	251.687602
	250.670815
	61.896700
	249.676399
	252.264602
	61.905501
	251.707193
	252.313579
	61.894317
	248.746234
	241.139002
	61.876203
	252.813591
	241.256993
	61.895300
	253.730007
	241.972194
	61.882100
	253.756007
	247.588004
	61.855901
	252.811999
	248.467799
	61.886300
	248.711987
	248.484802
	61.898699
	247.757378
	247.624208
	61.855902
	247.772218
	242.005593
	61.873700
	249.343970
	242.515598
	61.718301
	252.185196
	242.520402
	61.720102
	252.207208
	246.954999
	61.772699
	249.315998
	246.929398
	61.759899
	243.808602
	212.585353
	61.858330
	240.467132
	213.366570
	62.505195
	240.466351
	219.761368
	62.506966
	240.466135
	221.456572
	62.507484
	240.465338
	227.851376
	62.509256
	240.465136
	229.546578
	62.509773
	240.464319
	235.951014
	62.523545
	240.464135
	237.636575
	62.512062
	240.463319
	244.041021
	62.525835
	240.463125
	245.726579
	62.514352
	240.462296
	252.131026
	62.528126
	240.462140
	253.816579
	62.516640
	240.461302
	260.221026
	62.530416
	240.461160
	261.950451
	62.518928
	240.460293
	268.366230
	62.532705
	240.460177
	270.040450
	62.521217
	240.459328
	276.456231
	62.534994
	261.033717
	213.534771
	62.500367
	261.032942
	219.933545
	62.537511
	261.032717
	221.624737
	62.475978
	261.031954
	228.023505
	62.513117
	261.031731
	229.714699
	62.537188
	261.030950
	236.113467
	62.541524
	261.030727
	237.804657
	62.512795
	261.029953
	244.203427
	62.517133
	261.029739
	245.938802
	62.541204
	261.028959
	252.325959
	62.533339
	261.028742
	254.028764
	62.516812
	261.027970
	260.415921
	62.508947
	261.027738
	262.118726
	62.492421
	261.026974
	268.505886
	62.535035
	261.026752
	270.208687
	62.528028
	261.025972
	276.633451
	62.545842
	242.877431
	212.824325
	62.170594
	272.027832
	213.470215
	61.813381
	272.024933
	219.765808
	61.816345
	272.052887
	221.520218
	61.851616
	272.031616
	227.875809
	61.879379
	272.049133
	229.610214
	61.855450
	272.027863
	235.965805
	61.883213
	272.045380
	237.700226
	61.905685
	272.024109
	244.055801
	61.887051
	272.041595
	245.790222
	61.909523
	272.020355
	252.145798
	61.890888
	272.037842
	253.880219
	61.913361
	272.016602
	260.235809
	61.894726
	272.034088
	261.970215
	61.917198
	272.012848
	268.325806
	61.898563
	272.030334
	270.060211
	61.921032
	272.009094
	276.415802
	61.902397
	289.475616
	213.607025
	61.884319
	289.472717
	220.041016
	61.888580
	289.471832
	221.697021
	61.940434
	289.468964
	228.131012
	61.939022
	289.468079
	229.787018
	61.945946
	289.465210
	236.221008
	61.944534
	289.464325
	237.877014
	61.951458
	289.461456
	244.311005
	61.929245
	289.460571
	245.967010
	61.956970
	289.457703
	252.401001
	61.934757
	289.456848
	254.057007
	61.962482
	289.453949
	260.490997
	61.940269
	289.453094
	262.147003
	61.967995
	289.450195
	268.580994
	61.945782
	289.449341
	270.237000
	61.973507
	289.387268
	276.670990
	61.951294
	279.687988
	250.660492
	61.944599
	281.682007
	250.670807
	61.959099
	279.694824
	252.254791
	61.953602
	281.731995
	252.227310
	61.929600
	278.726593
	241.106186
	61.934601
	282.811981
	241.183304
	61.918301
	283.730011
	241.966797
	61.919899
	283.756012
	247.587997
	61.934299
	282.812012
	248.419006
	61.921501
	278.651184
	248.427002
	61.899899
	277.795410
	247.628006
	61.900700
	277.785797
	241.987198
	61.975101
	279.377533
	242.461792
	61.801498
	282.237213
	242.460403
	61.847099
	282.258179
	246.880600
	61.847099
	279.382416
	246.885391
	61.819901
	273.774689
	212.583542
	61.850983
	270.470978
	213.355316
	62.447838
	270.469238
	219.761292
	62.499073
	270.468689
	221.445282
	62.528889
	270.466980
	227.851273
	62.573727
	270.466431
	229.535263
	62.581947
	270.464722
	235.941238
	62.575184
	270.464172
	237.625244
	62.587807
	270.462463
	244.059616
	62.585831
	270.461914
	245.744019
	62.563862
	270.460175
	252.149597
	62.574547
	270.459625
	253.834000
	62.570515
	270.457886
	260.239594
	62.594006
	270.457367
	261.945557
	62.569969
	270.455627
	268.356781
	62.578262
	270.455109
	270.035522
	62.576023
	270.453369
	276.446747
	62.558514
	291.048340
	213.527115
	62.545998
	291.046600
	219.933105
	62.551025
	291.046051
	221.617111
	62.552502
	291.044342
	228.023102
	62.557526
	291.043793
	229.707123
	62.559002
	291.042053
	236.113098
	62.564030
	291.041534
	237.797119
	62.565506
	291.039764
	244.227859
	62.570530
	291.039276
	245.923126
	62.572010
	291.037506
	252.317856
	62.577034
	291.037018
	254.013123
	62.578510
	291.035248
	260.407837
	62.583538
	291.034729
	262.103119
	62.585014
	291.032990
	268.535431
	62.590042
	291.032471
	270.211517
	62.591522
	291.030701
	276.625427
	62.596542
	272.885254
	212.821259
	62.091839

